[solid]
diffuse = 0.700000  0.700000  0.700000  1.000000
specular = 0.707000  0.707000  0.707000  1.000000
specularPower = 32.000000
emissive = 0.000000  0.000000  0.000000  1.000000
ambient = 0.700000  0.700000  0.700000  1.000000
