[solid]
diffuse = 0.464314  0.207059  0.000000  1.000000
specular = 0.580392  0.258824  0.000000  1.000000
specularPower = 2.860000
emissive = 0.580392  0.258824  0.000000  1.000000
ambient = 0.000000  0.000000  0.000000  1.000000
