[solid]
diffuse = 0.800000  0.800000  0.800000  1.000000
specular = 0.039216  0.039216  0.039216  1.000000
specularPower = 1024.000000
emissive = 0.000000  0.000000  0.000000  1.000000
ambient = 0.000000  0.000000  0.000000  1.000000


[texture]
diffuse = glareNEW.dds
