[solid]
diffuse = 0.400000  0.400000  0.400000  1.000000
specular = 0.000000  0.000000  0.000000  1.000000
specularPower = 19.999998
emissive = 0.000000  0.000000  0.000000  1.000000
ambient = 0.000000  0.000000  0.000000  1.000000
