[solid]
diffuse = 0.196078  0.588235  1.000000  1.000000
specular = 0.000000  0.000000  0.000000  1.000000
specularPower = 2.000000
emissive = 0.000000  0.000000  0.000000  1.000000
ambient = 0.588235  0.588235  0.588235  1.000000
