[solid]
diffuse = 0.000000  0.607843  1.000000  1.000000
specular = 0.000000  0.000000  0.000000  1.000000
specularPower = 2.000000
emissive = 0.000000  0.000000  0.000000  1.000000
ambient = 0.901961  0.901961  0.901961  1.000000
