[solid]
diffuse = 0.462400  0.122400  0.051200  1.000000
specular = 0.578000  0.153000  0.064000  1.000000
specularPower = 2.860000
emissive = 0.578000  0.153000  0.064000  1.000000
ambient = 0.000000  0.000000  0.000000  1.000000
