[solid]
diffuse = 0.346400  0.132000  0.462400  1.000000
specular = 0.434000  0.165000  0.578000  1.000000
specularPower = 2.860000
emissive = 0.433000  0.165000  0.578000  1.000000
ambient = 0.000000  0.000000  0.000000  1.000000
