[solid]
diffuse = 0.470400  0.470400  0.470400  1.000000
specular = 0.450000  0.450000  0.450000  1.000000
specularPower = 31.960785
emissive = 0.000000  0.000000  0.000000  1.000000
ambient = 0.000000  0.000000  0.000000  1.000000


[texture]
diffuse = fbextw03s.dds
