[solid]
diffuse = 0.500000  0.500000  0.500000  1.000000
specular = 0.000000  0.000000  0.000000  1.000000
specularPower = 1.071773
emissive = 0.000000  0.000000  0.000000  1.000000
ambient = 0.500000  0.500000  0.500000  1.000000
