[solid]
diffuse = 1.000000  0.500000  0.250000  1.000000
specular = 1.000000  0.503000  0.250000  1.000000
specularPower = 2.860000
emissive = 1.000000  0.503000  0.250000  1.000000
ambient = 0.000000  0.000000  0.000000  1.000000
