[solid]
diffuse = 0.600000  0.081000  0.460268  1.000000
specular = 0.000000  0.000000  0.000000  1.000000
specularPower = 2.050000
emissive = 0.000000  0.000000  0.000000  1.000000
ambient = 0.000000  0.000000  0.000000  1.000000
