[solid]
diffuse = 0.784314  1.000000  1.000000  1.000000
specular = 1.000000  1.000000  1.000000  1.000000
specularPower = 32.000000
emissive = 0.000000  0.000000  0.000000  1.000000
ambient = 0.784314  1.000000  1.000000  1.000000
