[solid]
diffuse = 0.000000  0.553840  0.800000  1.000000
specular = 1.000000  0.392157  0.000000  1.000000
specularPower = 3.000000
emissive = 0.000000  0.000000  0.000000  1.000000
ambient = 0.000000  0.692300  1.000000  1.000000
