[solid]
diffuse = 0.451948  0.451948  0.451948  1.000000
specular = 0.000000  0.000000  0.000000  1.000000
specularPower = 20.000006
emissive = 0.000000  0.000000  0.000000  1.000000
ambient = 0.000000  0.000000  0.000000  1.000000
