[solid]
diffuse = 0.800000  0.800000  0.800000  1.000000
specular = 0.040000  0.038401  0.038400  1.000000
specularPower = 1024.000000
emissive = 0.000000  0.000000  0.000000  1.000000
ambient = 0.000000  0.000000  0.000000  1.000000


[texture]
diffuse = glareNEW.dds
