[solid]
diffuse = 0.800000  0.467451  0.028235  1.000000
specular = 0.000000  0.000000  0.000000  1.000000
specularPower = 20.000000
emissive = 0.000000  0.000000  0.000000  1.000000
ambient = 0.000000  0.000000  0.000000  1.000000
